Main
	* Classic instances rewrite/cleanup.

New features:
	* Add DoScriptText(in progress)
	* Add script data (waypoints, texts data, gossip data) loads (not in progress)

General:
	* Add base documentation
	* Drop CreatureAIScript use from scripts
	* Update timer's functions
	* Finish all repo structure regroups
	* Add blizzlike agroo and wipe to instances encounters

Mechanar trashes
20478, 19510, 20990, 19167, 19231, 19712, 19716, 19713,
20481, 19168, 20988, 20059, 19735, 19166

Mana Tombs
18343, 22930, 18331, 18317, 18315, 18313, 18314, 19307,
19306, 18312, 18394

Halls of stone
27984, 27985, 27983, 28384, 27961, 27960, 27963, 27979,
27972, 27970, 27969, 27964, 27965

Magister's Terrace
24557, 14558, 24554, 24561, 24559, 24555, 24553, 24556,
24696, 24697, 24684, 24815, 24683, 24685

Razorfen Downs
7358, 7357, 7356, 7354, 7355

Naxxramas trash
15975, 15974, 15980, 15979, 16368, 15978, 16036, 16034,
16146, 16145, 16419, 16193, 16154, 16216, 16018, 16375,
16024, 16020, 16021, 30083, 17055, 16698

Shadow Labyrynth
18633, 18635, 18830, 18637, 18639, 18640, 18638, 18794,
18796, 18848

Scholomance
11261, 10505, 10507, 10502, 10508, 10503, 14491, 10432,
10504, 10901, 1853, 

black temple
22885, 22884, 23232, 23083, 22964, 22956, 22957, 22962,
22855, 23339, 22954, 22853, 23337, 22869, 22844, 23216,
23523, 22845, 22847, 23318, 23524, 23374, 22846, 23196,
23235, 23237, 23222, 23239, 23236, 23223, 23028, 22963,
22855, 23339, 22954, 22853, 23337, 22869, 22844, 22955,
22873, 22874, 22875, 22876, 22877, 23030, 23330, 22960,
22965, 23172, 23400, 23403, 23402, 23397, 23436, 22945,
22880, 22882, 23371, 23018, 22879, 23047, 22959, 22939,
22848, 22881, 22883, 22878, 23394, 23394, 23398, 22849,
23469, 23401, 23111, 23999, 23109, 22953, 